106114284
105451566
106072806
106025787
104288899
106092241
104897042
102146263
105343666
106095193
106044784
106146154
105891820
105002626
105023960
96489669
98774797
106005420
104875389
105443742
105939335
106155344
104817151
106146805
105689275
105965615
106077619
105190969
106153130
106102315
106034217
105890224
102272163
103224783
104321206
105103229
105728516
80878140
93298782
106134315
105751086
105872760
104577164
105572121
90991987
104955605
105746361
105998966
106028553
106167337
106057161
104919680
97800688
105915465
105730834
70697369
105924592
106079664
106153005
105752463
105751339
104879659
103874371
105848005
106079622
106172523
106079678
106034992
105663529
98908336
85817085
105492396
106114218
105297769
103596094
104824693
106007842
106170683
105641453
104824921
90698193
105340697
104725564
105919740
105843491
104320443
106177297
100908634
103388627
104554622
106079692
105847375
106131217
105800804
105921235
105751513
105946316
105029636
104537338
105101231
105602344
106155994
106070307
106174217
106177101
106079639
106126768
106043165
105985335
106028376
106031689
106153215
105664428
105923880
104869907
106021400
105846248
105873615
75797695
106169557
105399136
99593665
